1261055834
1680846636
1261055834
1680846036
1261057334
1461186636
1261054634
1680846636
1800975834
1721034831
1581035932
1720914237
1690937034
1610907030
1691056935
1691026435
1741117231
1720965435
1651026234
1721037638
1751027330
1771057630
1721055640
1691057630
1751067235
1251016234
1211177940
1741206936
1741195130
1471126532
1421144735
1621057035
1471196935
1741117736
1441197931
1731117931
1721107838
1481107831
1491097831
1560867031
1561097831
1481177831
1491167840
1491187039
1640867831
1480866239
1481107533
1481157439
1481157433
1651177434
1741167239
1431147934
1241147940
1561057935
1751057935
1401057035
1661057936
1581147936
1240846231
1241146231
1241146231
1650817340
1641105034
1531095433
1531107735
1650827535
1511057035
1530937035
1521155735
1331046636
1261024136
1650956636
1261024134
1750846230
1411177734
1640977836
1611177733
1661057032
1601056237
1580976030
1581145338
1571107936
1491057940
1751055235
1611016431
1641144736
1350945438
1621125131
1641054231
1230875638
1301175130
1300826537
1751115740
1441126935
1741087535
1741185835
1441115235
1401045635
1491115235
1731104634
1770976535
1771046435
1700865337
1741178036
1730846135
1630825436
1261035934
1351086636
1480857935
1241017437
1741156330
1741117031
1771157738
1641184235
1461147339
1491154238
1491144235
1501187635
1491197433
1491207435
1561107839
1640905931
1481167432
1440907435
1281097435
1600866039
1441127336
1771057937
1491107530
1491107132
1531107831
1490827834
1530827939
1640827435
1641147835
1531105940
1451107836
1481097831
1621197436
1631057935
1261036332
1611184535
1590867230
1600855730
1661167431
1611167438
1610827938
1780855639
1551015140
1540918038
1530847436
1611157830
1690924232
1611004237
1530827637
1740855638
1561175438
1610855239
1591106639
1740815737
1741047538
1741077930
1740897933
1770967434
1741057836
1731006939
1741008031
1751134332
1631184230
1551194235
1611137734
1600975636
1280945938
1251064536
1621027635
1561155834
1611197635
1431195635
1641197332
1751197340
1431157338
1561157335
1741157335
1351187338
1681047834
1631167831
1640947935
1681187831
1680857830
1640996634
1261034136
1650866636
1611157430
1531187838
1731187039
1690827439
1770967431
1451027335
1441195536
1441195439
1230816038
1350827938
1440987538
1650956636
1520984631
1360956636
1261025932
1680956636
1661194330
1461187730
1741187437
1771144240
1771187338
1751145739
1731146838
